1 2602.00 313.48
2 4693.62 193.82
3 5551.54 346.70
4 8099.62 218.35
5 9074.15 214.56
6 13594.69 513.84
7 20916.46 967.87
8 15699.15 299.26
9 25550.85 1271.67
10 30221.15 88.00
11 30863.92 306.11
12 39250.31 3105.17
13 38699.23 1952.45
14 44255.77 1750.68
15 55465.62 3317.46
16 54740.77 2184.69
17 79314.85 1160.03
18 83974.31 4921.44
19 98562.46 1049.13
20 76672.92 1058.30
21 113093.62 906.68
22 134007.62 1050.64
23 120744.46 936.22
24 123576.23 8493.70
25 176014.92 2356.27
26 163090.23 3067.72
27 216403.15 12584.13
28 307455.23 6729.93
29 260606.46 14286.89
30 238086.77 2684.68
31 278537.38 2661.50
32 360644.69 20982.39
33 414569.00 24620.42
34 418997.15 37227.72
35 531089.69 28771.02
36 465491.92 2738.68
37 478506.15 4180.19
38 522240.00 32862.14
39 673644.23 61333.08
40 823472.92 11646.58
