1 2088.29 89.78
2 5248.57 361.91
3 4984.29 163.06
4 7805.57 286.63
5 8639.43 279.52
6 12227.50 452.09
7 17740.14 1777.97
8 14058.43 425.00
9 23325.79 2489.89
10 25534.79 560.11
11 26133.57 485.07
12 32343.43 576.47
13 31893.36 754.98
14 36219.86 401.75
15 45377.79 1194.39
16 43448.36 1227.57
17 67337.57 5237.04
18 67919.50 3695.15
19 80239.64 1169.13
20 58509.64 718.24
21 92097.64 10612.23
22 106235.71 8534.40
23 98781.21 1817.80
24 97281.79 1360.09
25 141241.79 2737.39
26 133223.57 4582.67
27 177236.50 7530.91
28 247565.14 6546.41
29 210886.21 12252.30
30 189181.50 12895.77
31 225061.00 2166.08
32 292472.57 9874.08
33 328903.15 3697.13
34 345533.54 49612.89
35 435692.69 9866.15
36 395113.46 24874.03
37 406214.54 43892.87
38 408719.23 7045.54
39 540495.15 16117.82
40 630024.00 12076.51
